Index  LOC_COD  SPE_DES  REP 
0 , 2040 , O.R.L. , 1
1 , 3003 , O.R.L. , 3
2 , 1082 , O.R.L. , 5
3 , 4116 , O.R.L. , 1
4 , 5100 , O.R.L. , 5
5 , 6014 , O.R.L. , 2
6 , 2070 , O.R.L. , 8
7 , 2051 , O.R.L. , 1
8 , 2000 , O.R.L. , 6
9 , 2050 , O.R.L. , 6
10 , 2092 , O.R.L. , 11
11 , 2091 , O.R.L. , 2
12 , 2037 , O.R.L. , 5
13 , 7100 , O.R.L. , 3
14 , 3027 , O.R.L. , 18
15 , 8000 , O.R.L. , 7
16 , 3100 , O.R.L. , 4
17 , 2015 , O.R.L. , 2
18 , 4000 , O.R.L. , 17
19 , 2100 , O.R.L. , 4
20 , 1100 , O.R.L. , 1
21 , 1000 , O.R.L. , 20
22 , 2078 , O.R.L. , 2
23 , 2013 , O.R.L. , 3
24 , 9100 , O.R.L. , 5
25 , 7000 , O.R.L. , 6
26 , 1073 , O.R.L. , 2
27 , 9070 , O.R.L. , 1
28 , 2080 , O.R.L. , 5
29 , 3000 , O.R.L. , 14
30 , 4180 , O.R.L. , 6
31 , 4100 , O.R.L. , 3
32 , 2042 , O.R.L. , 1
33 , 7050 , O.R.L. , 2
34 , 4051 , O.R.L. , 1
35 , 6000 , O.R.L. , 6
36 , 1006 , O.R.L. , 1
37 , 1002 , O.R.L. , 4
38 , 2010 , O.R.L. , 3
39 , 2083 , O.R.L. , 1
40 , 2074 , O.R.L. , 5
41 , 4070 , O.R.L. , 2
42 , 8070 , O.R.L. , 1
43 , 8050 , O.R.L. , 1
44 , 2200 , O.R.L. , 1
45 , 3002 , O.R.L. , 2
46 , 5000 , O.R.L. , 4
47 , 1200 , O.R.L. , 4
48 , 6100 , O.R.L. , 2
49 , 7070 , O.R.L. , 1
50 , 4200 , O.R.L. , 3
51 , 4170 , O.R.L. , 3
52 , 5050 , O.R.L. , 1
53 , 1001 , O.R.L. , 1
54 , 1007 , O.R.L. , 2
55 , 5070 , O.R.L. , 3
56 , 8090 , O.R.L. , 2
57 , 4030 , O.R.L. , 1
58 , 2033 , O.R.L. , 2
59 , 5020 , O.R.L. , 1
60 , 4021 , O.R.L. , 1
61 , 1008 , O.R.L. , 3
62 , 2036 , O.R.L. , 1
63 , 1069 , O.R.L. , 2
64 , 1053 , O.R.L. , 1
65 , 9000 , O.R.L. , 4
66 , 7030 , O.R.L. , 1
67 , 2045 , O.R.L. , 3
68 , 8030 , O.R.L. , 1
69 , 3200 , O.R.L. , 1
70 , 1013 , O.R.L. , 1
71 , 8100 , O.R.L. , 2
72 , 3021 , O.R.L. , 1
73 , 2097 , O.R.L. , 1
74 , 2063 , O.R.L. , 2
75 , 5180 , O.R.L. , 1
76 , 8010 , O.R.L. , 1
77 , 5080 , O.R.L. , 1
78 , 8080 , O.R.L. , 2
79 , 4011 , O.R.L. , 1
80 , 1140 , O.R.L. , 1
81 , 5160 , O.R.L. , 1
82 , 1009 , O.R.L. , 1
83 , 2090 , O.R.L. , 1
84 , 1130 , O.R.L. , 1
85 , 2016 , O.R.L. , 1
86 , 2073 , O.R.L. , 1
87 , 8020 , O.R.L. , 1
88 , 3031 , O.R.L. , 1
89 , 2082 , O.R.L. , 1
